20301240207000606
20301240107000606
20301440037000606
20301140037000606
20302240207000606
20302240107000606
20302440207000606
20303240207000606
20303440037000606
20303240107000606
20303440107000606
20304240207000606
20304440207000606
20304440037000606
20304440107000606
20304240107000606
20305440107000606
20305440037000606
20305340207000606
20306240207000606
20306440107000606
20306240107000606
20307240207000606
20307440107000606
20307440037000606
20307240107000606
20308240207000606
20308140037000606
20308240107000606
20308440037000606
20309240207000606
20309140037000606
20309240107000606
20310240207000606
20310140037000606
20310440037000606
20310440107000606
20310240107000606
20310440207000606
20311440107000606
20311440037000606
20312440107000606
20313440107000606
20313440037000606
20314240107000606
20314240207000606
20314440037000606
20314440107000606
20315240107000606
20315240207000606
20316240107000606
20316240207000606
20316440107000606
20316440037000606
20317440037000606
20317240207000606
20317240107000606
20317440107000606
20317340037000606
20318240107000606
20318440037000606
20319440037000606
20320440037000606
20321240107000606
20321240207000606
20321440037000606
20322240107000606
20322240207000606
20322440037000606
20322440107000606
20323240107000606
20323240207000606
20323440107000606
20323440037000606
20324440037000606
20324440107000606
20325440037000606
20325440107000606
20326440107000606
20326440037000606
20327440107000606
20327440037000606
20328440107000606
20329440107000606
20329440037000606
20330440107000606
20331440107000606
20331240107000606
20332440107000606
20333440107000606
20333440037000606
20334440207000606
20335440107000606
20335440037000606
20335440207000606
20336240207000606
20336440107000606
20336240107000606
20337240207000606
20337240107000606
20337440107000606
20338440037000606
20338140107000606
20339440107000606
20340440107000606
20340440037000606
20341440107000606
20341440037000606
20342440107000606
20342440037000606
20343440037000606
20344440037000606
20345440037000606
20345440107000606
20346140107000606
20346140037000606
20347140107000606
20347440037000606
20347440107000606
20348240207000606
20348240107000606
20348440107000606
20349440107000606
20350440107000606
20351440107000606
20351440037000606
20352440107000606
20352440037000606
20353440107000606
20354440107000606
20354440207000606
20355240107000606
20355440037000606
20356440107000606
20356440037000606
20357440107000606
20357440037000606
20358440107000606
20358440037000606
20359440037000606
20359440107000606
20360440037000606
20361440037000606
20362240107000606
20362440107000606
20362440037000606
20363240107000606
20363440037000606
20363440107000606
20364440207000606
20365440207000606
20366440207000606
20366440037000606
20366440107000606
20367440207000606
20367140037000606
20367440037000606
20367140207000606
20367240207000606
20367440107000606
20368440107000606
20369440107000606
20370440107000606
20371440107000606
20371440037000606
20372440107000606
20372440037000606
20373440107000606
20374240107000606
20374140037000606
20374240207000606
20375240107000606
20375240207000606
20376240107000606
20377440037000606
20378440037000606
20378440107000606
20379440037000606
20380440037000606
20380440107000606
20381440037000606
20382440037000606
20383440037000606
20383440207000606
20384440037000606
20385440037000606
20386440037000606
20387440037000606
20388440037000606
20389440037000606
20390440037000606
20391440037000606
20392440107000606
20393440107000606
20394440107000606
20394240107000606
20395440107000606
20396440107000606
20397440107000606
20398440107000606
20399440107000606
21301440107000606
21302440037000606
21303440107000606
21304440107000606
21305440207000606